=== Image #1: chessboards\chessboard_01.jpg ===
Rotation matrix R:
[[0.8773267411475456 -0.15692435058948018 0.4535113421508853]
 [-0.11399950221689731 0.849823661195463 0.5145909621890364]
 [-0.46615652174106403 -0.5031644791362052 0.7276837253737809]]

Translation vector T:
[[7.6343813007284735]
 [95.01255543336073]
 [514.0372964813741]]

--------------------------------------------------

=== Image #2: chessboards\chessboard_02.jpg ===
Rotation matrix R:
[[0.9229229748274006 -0.19175162787218186 0.33383303572910455]
 [-0.017427459407182058 0.845435420745358 0.5337932493088786]
 [-0.3845899975224945 -0.49846791527387985 0.7769300298277574]]

Translation vector T:
[[10.073823663976027]
 [58.130251208624784]
 [539.5255105180969]]

--------------------------------------------------

=== Image #3: chessboards\chessboard_03.jpg ===
Rotation matrix R:
[[0.6053580816832236 -0.30262359591536825 0.736179700980718]
 [-0.2769608119976469 0.7870186941085751 0.5512660734538606]
 [-0.7462133083498388 -0.5376063004828766 0.3926132500600346]]

Translation vector T:
[[46.822324132120144]
 [92.31726190103312]
 [586.1071874939203]]

--------------------------------------------------

=== Image #4: chessboards\chessboard_04.jpg ===
Rotation matrix R:
[[0.8085543021864448 -0.019804753737523315 0.588088183987051]
 [-0.18743873189396754 0.9387018548318518 0.28931911364654556]
 [-0.5577693629106683 -0.3441607174920424 0.7552792452686555]]

Translation vector T:
[[-4.830742301176086]
 [70.80591048047191]
 [547.5713079571432]]

--------------------------------------------------

=== Image #5: chessboards\chessboard_05.jpg ===
Rotation matrix R:
[[0.7629937727156876 -0.11884512083056643 0.6353867641459411]
 [-0.2642560742892774 0.8397153307698693 0.47439107334694774]
 [-0.589923071254466 -0.5298622467442055 0.6092920231521837]]

Translation vector T:
[[10.162687815446887]
 [93.67645986745251]
 [571.6725523600437]]

--------------------------------------------------

=== Image #6: chessboards\chessboard_06.jpg ===
Rotation matrix R:
[[0.9709116988992286 -0.06157131579157592 0.23138592440403083]
 [-0.05905969843154302 0.8749293712439039 0.48063556605386804]
 [-0.23203970557167375 -0.4803202769053593 0.8458427789085687]]

Translation vector T:
[[-6.918683478244245]
 [68.8917945829697]
 [546.8103717771235]]

--------------------------------------------------

=== Image #7: chessboards\chessboard_07.jpg ===
Rotation matrix R:
[[0.8996361167783162 -0.10319628429040095 -0.4242704141189749]
 [0.2701790799823382 0.8948818816575974 0.3552318716287363]
 [0.3430132973048261 -0.43420841169835994 0.8329495381368901]]

Translation vector T:
[[10.605409872104302]
 [50.990533558221294]
 [503.9597207545331]]

--------------------------------------------------

=== Image #8: chessboards\chessboard_08.jpg ===
Rotation matrix R:
[[0.9362108510566057 -0.04775762915085105 -0.34817876331240494]
 [0.21973303237529615 0.8527391966710548 0.4738705065141331]
 [0.27427474700931365 -0.5201490856655366 0.8088376177171059]]

Translation vector T:
[[21.15126164193013]
 [59.69981189883192]
 [512.9177596594144]]

--------------------------------------------------

=== Image #9: chessboards\chessboard_09.jpg ===
Rotation matrix R:
[[0.8753246139599848 -0.06603514728969256 -0.47900540656471957]
 [0.28987536349184584 0.8645460796240566 0.4105269173235109]
 [0.3870130409124142 -0.49819618176889224 0.7759004257213828]]

Translation vector T:
[[28.62186614472502]
 [49.63301319960558]
 [507.84012593664903]]

--------------------------------------------------

=== Image #10: chessboards\chessboard_10.jpg ===
Rotation matrix R:
[[0.9586403275033117 -0.1247523730373238 0.2558233138435582]
 [-0.021488737769042962 0.8645340250831637 0.50211468174372]
 [-0.28380795731169445 -0.4868447030574127 0.8260964099132154]]

Translation vector T:
[[20.919232154489006]
 [76.9884373125966]
 [553.3914906869073]]

--------------------------------------------------

=== Image #11: chessboards\chessboard_11.jpg ===
Rotation matrix R:
[[0.7162238120335939 -0.1055545390043862 0.689841786478348]
 [-0.2781225100106075 0.8634305572772425 0.42087473455329893]
 [-0.6400557167164954 -0.4933010359359504 0.5890524318284845]]

Translation vector T:
[[34.982230721551176]
 [107.85310184121863]
 [578.6415067267251]]

--------------------------------------------------

=== Image #12: chessboards\chessboard_12.jpg ===
Rotation matrix R:
[[0.6747359861648464 -0.029045937682266487 0.7374874117422684]
 [-0.32315426282399856 0.8867283793771013 0.3305814629194109]
 [-0.6635530659961043 -0.46137741027429774 0.5889212289396197]]

Translation vector T:
[[32.14966323304452]
 [108.332449706923]
 [579.3241386047033]]

--------------------------------------------------

=== Image #13: chessboards\chessboard_13.jpg ===
Rotation matrix R:
[[0.8041368498110314 -0.050591225557589256 0.5922874763766088]
 [-0.300316223567057 0.8252932679930123 0.4782271297906837]
 [-0.5130049635611846 -0.5624335958155373 0.6484553628890678]]

Translation vector T:
[[25.02571356390533]
 [105.41537978029574]
 [586.540389348287]]

--------------------------------------------------

=== Image #14: chessboards\chessboard_14.jpg ===
Rotation matrix R:
[[0.9992093770170837 -0.021766120636910115 -0.03326945857015142]
 [0.0357982843942769 0.8565977028634486 0.5147415451306504]
 [0.017294615218559135 -0.5155255681743461 0.8566996468091718]]

Translation vector T:
[[18.64433408596038]
 [80.87837517254664]
 [546.0496668381486]]

--------------------------------------------------

=== Image #15: chessboards\chessboard_15.jpg ===
Rotation matrix R:
[[0.8980421432084151 0.009073950209550721 -0.43981583924323486]
 [0.2528375619447661 0.8075090294470253 0.5329186942032995]
 [0.35999093917967295 -0.5897854107971117 0.7228829040165627]]

Translation vector T:
[[23.65914535614693]
 [71.25090307274468]
 [518.4816395345862]]

--------------------------------------------------

=== Image #16: chessboards\chessboard_16.jpg ===
Rotation matrix R:
[[0.7011153696165524 0.12160448117723152 -0.7026020129810769]
 [0.41041273178930837 0.7369478746912588 0.537093306207845]
 [0.5830940130653738 -0.6649211834087204 0.46677745423452555]]

Translation vector T:
[[21.476947410710068]
 [82.88217084258012]
 [506.8348398483475]]

--------------------------------------------------

=== Image #17: chessboards\chessboard_17.jpg ===
Rotation matrix R:
[[0.7958531076114248 0.08531389441644346 -0.5994492226408653]
 [0.328965316638245 0.7702361648891425 0.5463680725902317]
 [0.5083302583501567 -0.6320267318052025 0.5849295331313827]]

Translation vector T:
[[21.93389096723609]
 [77.41368860842165]
 [501.62866008036997]]

--------------------------------------------------

=== Image #18: chessboards\chessboard_18.jpg ===
Rotation matrix R:
[[0.9864823053581467 -0.04528822677761952 -0.15748535719429624]
 [0.11444784358747417 0.878229277530306 0.4643436520366935]
 [0.11727895085416314 -0.4760906558670688 0.871540782225715]]

Translation vector T:
[[19.508317607954417]
 [71.78492523937777]
 [520.9305563981441]]

--------------------------------------------------

=== Image #19: chessboards\chessboard_19.jpg ===
Rotation matrix R:
[[0.9029469613602508 -0.1447157017857326 0.4046531238319466]
 [-0.03834793792719929 0.9107084716053488 0.41126574790879583]
 [-0.42803763926437766 -0.38686877026055283 0.8167718983719177]]

Translation vector T:
[[24.770229329950944]
 [72.78068706716833]
 [561.2178174461096]]

--------------------------------------------------

=== Image #20: chessboards\chessboard_20.jpg ===
Rotation matrix R:
[[0.9001698264844153 -0.13208940866398475 0.4150261095471178]
 [0.06702662302057064 0.9835638086497231 0.16765937528485883]
 [-0.4303506887335905 -0.12310411217034814 0.894227969968103]]

Translation vector T:
[[15.094497336150793]
 [64.5593660061074]
 [523.0213151242857]]

--------------------------------------------------

=== Image #21: chessboards\chessboard_21.jpg ===
Rotation matrix R:
[[0.9195339033841575 -0.12324519831381085 0.373186309528745]
 [0.12773677740173991 0.9917258370973926 0.012774182263231942]
 [-0.3716728618370101 0.035923322870599766 0.9276684745359312]]

Translation vector T:
[[10.62360566481153]
 [65.88116634276066]
 [483.15135377132935]]

--------------------------------------------------

=== Image #22: chessboards\chessboard_22.jpg ===
Rotation matrix R:
[[0.9832676274083338 -0.09736135998577311 0.15396603025507538]
 [0.12158120727330293 0.9801421055208377 -0.15665076770684946]
 [-0.1356568572861403 0.17274900453229783 0.9755793143073237]]

Translation vector T:
[[2.2971249393165802]
 [38.38264826225342]
 [439.4752808857392]]

--------------------------------------------------

=== Image #23: chessboards\chessboard_23.jpg ===
Rotation matrix R:
[[0.9946217204241197 -0.10304091147085756 -0.010497800903962509]
 [0.09525273227998646 0.9498042057347784 -0.2979914222955485]
 [0.040676163213380495 0.29538879689619507 0.9545108215282092]]

Translation vector T:
[[-0.27487453877613544]
 [40.049742555812706]
 [384.01124196044725]]

--------------------------------------------------

=== Image #24: chessboards\chessboard_24.jpg ===
Rotation matrix R:
[[0.9941244831872014 -0.09584508700875141 -0.05030140379815046]
 [0.07174963548884708 0.9314365422953501 -0.35676036422800694]
 [0.0810462937770586 0.3510551053227505 0.9328407212873135]]

Translation vector T:
[[-1.493746101439035]
 [55.01432312878794]
 [354.74143128416426]]

--------------------------------------------------

=== Image #25: chessboards\chessboard_25.jpg ===
Rotation matrix R:
[[0.977717349679685 -0.05147918611699745 -0.2035157918493401]
 [0.0764440255127028 0.9902121829179464 0.11677390018445269]
 [0.19551239116420632 -0.12972943458447206 0.972082907319971]]

Translation vector T:
[[3.394075597222828]
 [43.529785530261776]
 [420.946878373129]]

--------------------------------------------------

=== Image #26: chessboards\chessboard_26.jpg ===
Rotation matrix R:
[[0.9358323767725066 0.0001677030726870421 -0.35244536379416386]
 [0.17764428105143346 0.8634595780307385 0.4721017544096806]
 [0.3044014980154342 -0.5044180101688068 0.808023637663714]]

Translation vector T:
[[10.857600922403716]
 [58.51240760627049]
 [454.78891168657736]]

--------------------------------------------------

=== Image #27: chessboards\chessboard_27.jpg ===
Rotation matrix R:
[[0.8691384838943967 0.11660717468097426 -0.48062569909095604]
 [0.27874911513056716 0.6872479851645884 0.6708122969215304]
 [0.4085305700038558 -0.7170027710547111 0.5648095251252322]]

Translation vector T:
[[2.153676267166313]
 [84.32969412384152]
 [496.50379776460863]]

--------------------------------------------------

=== Image #28: chessboards\chessboard_28.jpg ===
Rotation matrix R:
[[0.7807531574814646 0.2513002188102989 -0.5720775359237756]
 [0.397318624814286 0.5069547083991434 0.7649410657087407]
 [0.482247257595528 -0.8245272121997157 0.29596023192948934]]

Translation vector T:
[[-21.475848407894595]
 [112.97322524068268]
 [519.8164379861323]]

--------------------------------------------------

=== Image #29: chessboards\chessboard_29.jpg ===
Rotation matrix R:
[[0.9889646219997115 0.12245834662219286 -0.08338422977713758]
 [-0.00810676255021199 0.6067165232328562 0.7948769343975137]
 [0.14792990513727133 -0.7854291908114912 0.6010139177983186]]

Translation vector T:
[[-40.18100314738221]
 [134.07303534050374]
 [553.460522787581]]

--------------------------------------------------

=== Image #30: chessboards\chessboard_30.jpg ===
Rotation matrix R:
[[0.9074772815741687 0.022598226686820627 0.4194929124280504]
 [-0.3235400574969698 0.6745367540977295 0.6635676292331903]
 [-0.26796793580877243 -0.7378953093236943 0.6194382114920546]]

Translation vector T:
[[-16.723502831939413]
 [144.25754003510858]
 [574.9310771614797]]

--------------------------------------------------

=== Image #31: chessboards\chessboard_31.jpg ===
Rotation matrix R:
[[0.7067533214863162 -0.03567658964646592 0.7065599221009196]
 [-0.37381553561619285 0.829088554753443 0.4157813291970023]
 [-0.6006344045257803 -0.5579779111470675 0.5726246264106325]]

Translation vector T:
[[18.859100451242263]
 [132.17778920950326]
 [547.5289942185127]]

--------------------------------------------------

=== Image #32: chessboards\chessboard_32.jpg ===
Rotation matrix R:
[[0.9295212590303311 -0.20506685071941297 -0.3064927662224511]
 [0.3106244243348714 0.8833404820694577 0.3510299983533142]
 [0.19875285159538664 -0.4214939850974389 0.8847825295005446]]

Translation vector T:
[[36.14648212380975]
 [63.2612074248846]
 [471.3750215597707]]

--------------------------------------------------

=== Image #33: chessboards\chessboard_33.jpg ===
Rotation matrix R:
[[0.7903708474740907 -0.4320609447704754 -0.43432391537553144]
 [0.6080081651170944 0.6401185431056298 0.4696534061659407]
 [0.07509989756338992 -0.6352728475044169 0.7686276176469319]]

Translation vector T:
[[85.91240115823318]
 [82.49246416164308]
 [551.6851954421754]]

--------------------------------------------------

=== Image #34: chessboards\chessboard_34.jpg ===
Rotation matrix R:
[[0.8705700702267094 -0.04766118929525673 -0.4897307054498666]
 [0.312619372412442 0.8221715213102568 0.47571327240137923]
 [0.37996957880587384 -0.5672410427510862 0.7306577301313846]]

Translation vector T:
[[54.857672531227195]
 [111.53542900922764]
 [531.3182614495928]]

--------------------------------------------------